-158.812
-61.3169
-144.992
-53.271
29.6771
80.2473
28.5865
-89.6579
1.95825
-111.834
-39.6856
-130.539
35.1017
-98.8122
1.0745
1.06227
-85.2261
-152.014
-49.6472
21.5443
214.085
-41.1785
-152.943
-70.9515
17.1253
74.413
122.338
107.659
-14.0822
18.193
30.3867
-2.15844
5.33043
41.9222
154.48
2.60549
69.6197
16.2435
-11.6706
9.64291
64.7272
-8.36692
1.82909
-81.5785
82.9669
5.29245
-4.50354
1.00586
-76.2157
-1.1181
-27.9643
-1.17107
1.37086
5.70863
1.72828
-27.9075
1.81558
-1.96772
32.6351
32.9442
-20.1305
3.58582
2.28517
-51.7935
-26.9174
-1.62791
-1.57848
59.8914
20.1959
1.40638
1.87328
0.00896168
-58.4421
1.26299
-1.97783
-1.12603
-1.10695
-1.31849
9.85555
1.27277